167
288
838
336
586
085
047
055
854
469
727
938
984
435
833
363
928
141
8
935
415
618
763
31
41
051
643
884
461
718
571
823
45
938
327
25
559
203
179
053
206
925
258
701
498
621
795
864
282
559
38
446
556
867
945
369
519
715
877
91
651
17
694
965
876
027
078
985
929
738
29
54
412
216
737
558
156
128
164
623
928
846
359
915
471
915
192
35
846
987
247
988
587
821
459
644
17
19
303
06
711
219
614
137
266
235
416
937
773
269
09
737
224
617
084
651
357
554
861
547
674
36
899
258
812
538
421
447
1
419
13
961
531
765
155
932
733
735
532
606
368
966
713
277
275
253
182
302
542
537
653
8
029
079
054
242
997
353
884
782
759
316
672
302
445
058
071
344
656
308
827
353
477
341
005
274
84
344
881
553
316
238
723
545
06
899
225
028
05
351
753
668
789
3
349
933
042
624
748
546
85
766
147
003
646
953
338
941
014
73
284
337
957
56
129
665
596
99
78
261
428
152
933
977
493
463
129
601
895
669
029
091
445
061
173
518
627
373
014
38
507
111
988
908
954
499
018
187
359
683
596
005
429
579
014
428
937
409
213
941
133
454
726
126
56
01
829
096
763
687
98
628
145
633
553
704
031
72
037
301
912
898
156
714
887
891
873
077
909
422
209
932
855
327
837
657
076
833
504
86
065
147
423
921
51
445
93
932
231
943
71
617
563
041
171
158
462
301
488
988
547
551
499
13
808
57
883
319
621
727
745
289
242
264
907
81
387
462
258
863
061
199
706
045
853
6
299
426
503
914
893
759
281
129
53
467
487
969
545
548
267
096
445
215
254
817
131
152
889
159
48
747
458
167
337
032
911
858
825
944
708
259
522
949
778
012
722
997
592
033
8
211
261
921
072
896
704
028
245
523
533
122
245
319
694
442
167
617
821
086
778
68
37
882
205
411
015
765
589
483
755
407
114
242
561
414
511
068
491
293
03
932
387
451
284
782
632
936
421
421
021
454
224
684
447
19
994
379
88
17
736
788
391
478
357
137
271
048
583
905
648
073
979
137
713
322
673
614
071
551
913
558
193
097
096
914
304
765
052
674
175
956
362
062
632
9
497
411
838
468
995
579
137
764
909
172
804
363
441
591
762
87
779
772
859
957
724
935
34
207
129
516
942
269
951
011
753
615
437
821
448
504
162
274
829
01
001
86
526
176
096
704
663
242
752
92
793
495
821
326
592
69
415
485
598
045
96
268
101
388
899
187
498
577
223
965
226
008
637
206
652
071
038
981
02
22
986
359
935
454
737
765
466
785
29
183
848
946
581
231
559
241
844
94
749
389
481
984
404
152
792
123
216
218
866
565
711
578
236
596
777
591
011
816
26
336
813
309
039
607
386
485
082
604
774
214
325
237
899
472
572
523
236
771
433
31
486
341
884
008
54
865
222
106
193
641
675
929
096
093
757
45
024
835
57
265
903
58
136
811
828
816
478
857
156
98
542
418
978
056
838
375
459
296
977
716
868
736
661
887
535
647
202
205
077
566
715
875
967
755
938
339
227
308
052
231
99
052
662
817
996
274
015
785
289
783
441
056
185
864
202
792
945
741
929
842
452
957
456
991
972
947
434
434
549
135
09
908
123
985
043
751
14
575
397
274
718
674
862
337
052
138
754
88
427
04
526
091
773
037
149
842
79
683
33
862
702
687
194
164
194
767
463
062
687
84
97
117
747
882
598
798
743
011
418
501
256
703
532
483
526
348
342
523
377
761
705
11
502
647
124
203
158
781
033
877
427
768
539
523
066
021
852
897
52
637
368
506
757
89
262
843
861
71
138
978
799
789
589
861
745
739
32
268
677
489
584
596
961
295
108
488
772
503
941
887
056
13
86
551
36
838
139
467
751
099
28
563
025
945
783
607
263
374
058
947
739
333
565
651
088
834
625
762
083
416
516
486
808
334
667
001
956
051
52
7
191
251
745
78
629
099
888
357
654
021
523
543
806
348
636
232
825
834
663
666
685
68
794
751
792
93
964
036
132
461
353
87
88
942
559
853
893
452
422
895
558
132
547
218
421
493
742
196
703
082
489
818
846
462
553
978
995
399
823
517
86
247
979
679
111
573
073
633
459
584
358
422
162
54
688
396
124
206
779
264
88
045
719
2
216
398
57
519
449
268
276
99
557
352
099
168
805
05
997
827
376
265
887
113
866
296
958
377
175
685
191
761
727
248
901
643
195
525
275
42
41
23
461
809
01
108
762
682
702
448
956
11
3
936
048
007
344
411
259
519
836
534
615
395
067
1
341
912
206
441
442
498
639
145
949
447
38
499
549
33
656
112
964
747
422
66
667
851
474
441
855
957
228
015
663
712
707
388
745
273
881
6
482
373
45
055
837
328
753
704
359
182
976
562
496
708
319
632
524
183
923
072
31
165
196
731
414
186
635
477
814
92
294
433
576
6
729
308
659
763
74
856
607
998
026
239
109
938
087
147
951
267
955
82
06
818
243
841
785
658
134
513
233
362
82
393
221
008
565
996
363
286
766
52
949
129
93
82
538
043
206
312
401
916
893
873
845
378
732
543
141
074
165
037
869
754
76
978
656
258
727
422
891
383
69
795
541
016
904
194
088
54
657
384
688
766
392
136
005
648
509
433
45
617
4
898
514
703
355
067
433
397
68
842
962
368
64
891
913
226
027
673
595
57
219
888
454
516
312
486
943
071
574
126
726
942
395
35
004
947
627
672
361
111
825
699
89
163
928
258
389
6
778
858
446
887
978
005
284
108
005
98
136
653
376
25
911
285
906
313
06
401
856
89
61
099
496
085
835
521
582
226
802
908
1
896
868
493
267
366
202
652
152
682
528
429
392
273
211
399
645
516
071
764
12
049
584
97
631
696
061
152
629
145
323
932
037
213
747
901
23
986
433
049
645
599
25
342
527
231
644
258
418
155
519
349
387
084
359
946
851
596
668
67
297
906
976
798
413
864
004
599
299
626
529
247
873
366
303
422
724
226
457
957
578
006
788
91
485
309
16
402
547
515
04
913
557
204
124
648
328
35
421
266
442
752
347
774
127
152
647
555
222
69
651
8
933
06
945
959
65
163
042
146
59
647
768
907
882
426
214
87
707
77
78
394
557
704
711
988
967
119
959
377
899
745
365
982
162
311
477
53
869
772
749
155
493
797
342
482
922
223
316
415
793
898
468
984
39
001
368
781
061
741
258
124
474
932
219
589
712
238
148
631
051
318
166
222
405
237
174
036
517
879
639
332
77
799
176
988
988
69
653
079
025
74
585
956
279
271
039
146
364
146
934
529
275
368
153
765
572
437
069
971
517
475
883
977
57
015
331
31
773
624
164
667
919
685
153
788
346
313
66
462
439
845
721
016
069
06
313
794
2
375
525
106
365
138
039
658
174
883
282
394
258
29
106
23
978
893
853
453
174
409
69
22
88
489
601
61
081
935
033
845
691
309
951
681
166
905
948
923
397
374
987
605
112
463
754
554
531
393
316
38
272
919
918
11
06
769
025
076
496
471
112
984
785
105
394
032
932
997
096
392
355
327
991
703
081
384
469
975
936
444
406
971
132
303
557
42
534
993
483
252
827
043
787
117
285
594
23
578
131
761
252
964
117
154
999
161
88
524
916
181
723
174
983
882
85
272
589
442
977
1
785
386
771
083
154
07
901
009
654
572
867
34
821
04
931
526
287
971
723
966
604
591
74
718
437
373
073
9
316
023
901
486
827
269
232
341
28
053
8
458
48
166
011
009
107
053
799
82
48
71
098
334
001
884
993
578
972
761
445
279
667
628
756
649
447
104
151
947
718
827
301
703
678
875
12
014
803
934
621
201
213
701
763
302
072
948
134
032
503
884
858
385
795
862
046
79
415
88
39
947
911
741
898
404
079
311
166
089
941
44
218
968
647
269
978
866
302
867
936
215
762
132
756
3
315
013
614
114
32
069
879
969
371
278
056
501
306
666
097
292
341
657
165
01
083
504
912
02
615
298
305
777
494
467
053
698
517
013
304
479
891
827
49
172
327
561
16
852
491
314
232
825
3
539
958
987
703
408
839
559
213
797
159
534
094
673
449
791
956
855
326
622
048
188
89
614
867
022
482
492
565
973
749
503
829
433
678
853
43
048
327
276
652
425
063
774
036
092
64
672
295
83
851
794
983
982
271
047
333
126
919
938
214
363
191
74
744
468
499
122
174
769
065
375
137
405
88
055
139
288
033
935
787
653
132
1
064
992
968
977
332
514
78
72
673
874
482
873
343
109
385
967
204
427
008
823
286
568
317
324
253
867
76
363
177
098
94
045
013
001
143
375
5
018
05
327
566
641
154
391
988
189
096
747
887
427
958
411
548
466
984
086
859
546
163
826
69
301
608
008
438
891
73
798
84
017
628
17
437
075
244
128
719
733
511
152
064
528
025
703
576
488
098
823
989
025
841
059
678
296
738
228
965
278
3
462
971
114
878
078
048
597
016
439
415
163
075
562
691
894
568
455
981
966
831
169
423
417
469
086
371
84
435
567
622
284
756
854
648
012
588
24
817
514
676
001
923
173
915
066
378
422
143
9
856
693
173
75
384
687
904
444
519
914
566
119
093
339
907
364
086
952
902
758
902
92
788
729
927
583
601
853
945
033
396
097
519
238
674
944
726
844
386
46
512
228
057
856
128
276
142
203
378
049
927
807
065
358
493
199
578
643
954
732
483
251
765
225
215
509
352
758
29
256
685
968
182
598
525
725
283
954
726
969
114
13
732
578
066
978
111
709
684
621
451
622
81
478
406
797
065
677
452
585
126
366
412
722
04
679
471
093
188
431
316
224
367
177
147
122
375
214
358
427
532
625
389
373
098
522
611
642
724
599
974
528
592
65
997
961
947
923
923
577
999
645
6
498
469
397
1
005
432
003
237
267
988
372
681
283
029
807
084
307
472
318
673
888
509
027
201
735
516
541
938
62
428
326
057
353
235
069
129
285
789
339
196
548
607
652
657
803
331
709
895
437
715
536
541
934
611
358
71
963
349
677
203
606
258
173
945
172
11
299
396
064
718
355
218
567
591
395
728
065
169
159
74
617
363
765
031
03

334
605
012
425
475
232
404
712
04
342
78
605
906
588
249
611
571
207
718
891
03
75
766
342
74
239
986
905
804
369
797
005
847
721
801
704
089
321
298
039
394
405
747
773
429
121
697
486
821
733
53
705
7
087
24
064
114
659
569
244
811
124
003
405
461
837
648
991
566
351
853
149
831
638
929
932
447
436
96
291
415
625
581
9
491
813
886
137
678
224
721
112
818
03
419
832
595
89
649
899
922
61
05
57
293
708
685
337
508
017
764
027
782
931
57
545
353
966
062
353
182
864
169
485
323
999
631
304
827
627
034
522
334
455
13
597
682
353
968
85
632
155
218
525
571
946
114
15
442
918
567
527
01
392
357
253
319
75
811
472
233
84
192
852
994
621
817
147
926
574
402
309
461
53
94
537
712
698
8
281
71
769
697
069
692
796
692
304
162
603
828
338
684
51
397
108
64
177
481
591
177
177
189
747
143
001
474
943
335
942
908
451
092
399
963
605
319
213
811
118
669
273
856
004
418
517
861
318
516
747
28
47
641
576
79
723
612
882
205
97
152
012
533
409
07
925
48
689
481
731
417
502
655
623
74
8
484
235
919
115
489
989
727
149
269
944
259
171
461
566
934
347
085
943
47
696
26
911
398
234
202
174
126
21
42
554
168
165
547
054
025
176
487
127
41
267
505
191
286
26
752
247
304
365
93
692
417
718
566
728
304
057
186
934
443
241
357
794
28
438
026
128
904
423
846
345
091
319
906
595
193
808
827
742
707
171
429
35
057
805
934
926
575
81
043
603
353
76
195
304
347
977
412
525
538
099
895
575
696
971
814
191
222
977
405
553
349
27
741
912
088
046
278
584
127
881
979
69
393
847
01
375
638
857
471
018
642
682
128
816
484
844
816
075
357
06
509
064
266
417
39
129
203
205
941
308
14
983
349
505
117
739
384
951
004
867
296
525
75
087
037
454
432
387
344
296
895
07
384
961
896
088
267
391
127
642
548
579
78
026
911
099
757
904
378
522
231
486
272
218
494
763
309
845
731
756
279
085
901
571
159
703
37
66
829
628
908
579
635
47
035
85
674
141
71
237
502
918
313
255
994
581
979
234
935
711
975
181
26
068
806
938
214
441
826
146
186
482
379
353
556
451
239
915
657
616
214
691
669
379
778
828
469
689
376
383
473
782
492
678
443
789
819
51
179
104
19
548
881
955
134
738
79
027
766
229
355
966
076
646
275
368
443
148
701
393
042
781
332
939
306
663
892
184
431
976
453
055
013
268
858
574
16
306
454
394
403
009
996
226
784
527
995
459
653
723
541
446
848
86
304
204
284
689
849
999
587
038
789
347
617
647
317
422
61
683
117
804
622
427
046
526
857
197
023
258
802
166
506
943
236
179
001
386
952
671
136
194
934
062
099
943
761
691
423
138
481
749
745
848
171
3
206
637
981
235
439
554
11
461
59
749
1
407
732
77
183
587
096
479
236
152
378
059
333
28
23
283
527
07
075
381
925
295
253
432
054
521
108
33
435
327
364
149
133
62
588
852
188
96
458
863
171
146
416
843
113
719
362
665
667
62
358
064
418
841
937
938
414
835
879
083
163
939
249
502
205
62
44
946
389
196
98
098
438
625
711
987
774
258
257
409
371
746
19
117
021
93
451
997
825
267
612
669
762
25
4
476
263
115
014
098
191
024
544
818
131
72
444
179
661
976
342
647
445
097
676
514
134
405
103
491
609
872
956
942
648
371
769
843
997
058
048
96
102
637
415
075
97
782
521
143
467
863
79
418
257
997
464
83
358
291
824
042
039
398
619
231
808
095
796
363
231
666
711
094
292
454
669
426
034
807
445
62
903
757
186
453
404
311
639
559
048
093
823
944
094
631
457
669
457
464
106
919
094
673
094
376
89
433
384
857
934
51
158
273
269
49
112
257
013
985
175
138
079
365
278
793
802
268
968
758
636
131
136
182
102
256
895
818
963
9
063
914
001
098
295
839
764
63
441
554
48
417
607
407
507
872
907
465
444
614
124
028
857
665
028
748
923
981
777
778
282
782
431
64
931
143
074
862
554
878
813
247
445
796
041
531
268
082
333
859
46
661
591
326
213
816
115
645
244
674
192
052
392
97
881
357
987
136
456
05
844
855
618
594
042
432
963
463
806
027
91
659
131
305
834
649
773
87
528
476
973
652
101
687
94
242
054
114
052
182
207
294
087
714
365
524
699
488
182
616
1
426
085
822
847
216
723
757
816
348
424
063
181
035
855
513
61
305
161
82
267
306
904
052
444
144
794
67
606
193
799
397
512
124
641
253
425
007
569
004
918
357
095
033
293
526
017
285
213
999
401
444
699
239
659
924
487
097
961
428
331
828
294
255
977
581
429
266
137
696
483
279
488
157
116
873
06
228
07
026
246
505
706
597
566
826
986
511
23
694
273
546
048
192
247
032
143
239
898
004
589
193
445
387
506
759
945
621
102
794
377
306
895
602
87
353
944
77
381
548
177
922
447
743
462
595
488
773
734
31
463
465
565
267
433
263
753
331
458
008
201
315
914
396
321
496
207
454
235
841
471
306
939
048
042
43
909
356
544
135
681
527
139
828
652
211
965
819
504
444
189
322
887
099
735
562
15
234
015
994
438
218
955
095
853
74
718
384
813
568
714
931
895
864
157
193
388
3
167
146
331
339
361
515
252
248
418
876
697
392
245
097
11
812
929
022
502
747
582
064
732
811
984
961
997
585
682
35
764
61
385
149
772
418
51
239
789
2
436
834
991
655
919
426
454
583
408
598
213
574
722
836
441
693
179
005
205
06
645
644
935
925
436
409
396
571
758
752
467
102
87
865
841
241
403
202
695
74
336
496
855
936
703
689
297
404
871
899
348
289
683
43
263
604
879
273
421
94
039
214
055
124
616
045
559
873
376
687
103
691
955
219
71
528
669
838
109
836
34
247
145
151
531
714
539
203
27
468
009
275
804
183
618
431
914
605
515
332
513
242
507
351
811
36
575
32
194
828
364
716
002
062
076
832
405
781
135
666
76
611
3
782
226
879
703
141
085
831
648
513
16
827
086
627
113
478
142
923
871
327
834
811
679
692
881
887
189
806
226
434
572
748
432
419
509
026
991
894
166
02
058
704
782
013
106
415
46
125
976
255
404
818
125
442
068
34
449
882
038
8
027
333
274
954
718
972
931
555
674
482
548
259
61
561
286
118
318
606
864
693
863
76
88
745
186
482
662
344
438
133
461
342
735
511
595
533
955
116
382
368
223
538
21
917
784
556
31
191
239
714
635
701
412
237
032
504
68
093
803
585
317
354
836
248
65
755
705
703
983
758
906
986
424
182
705
155
167
875
65
242
245
48
057
874
539
405
07
884
449
566
852
548
784
392
254
726
132
954
1
556
885
957
893
113
702
3
56
798
619
94
402
15
137
303
189
187
273
589
1
881
366
145
058
447
871
766
153
884
615
678
697
214
858
377
545
703
763
617
153
688
622
685
78
448
455
52
797
637
987
159
811
33
229
049
412
023
532
108
851
976
278
524
67
882
159
699
227
158
23
413
952
693
142
943
781
776
901
499
596
385
894
818
209
516
831
308
604
957
451
02
9
85
622
144
946
444
772
461
641
359
609
12
577
525
961
173
825
231
854
344
89
939
664
046
806
095
596
736
217
367
78
763
94
7
21
753
655
297
363
024
675
912
885
458
814
115
678
826
909
664
436
461
721
839
387
488
862
057
942
134
64
817
603
512
962
082
461
987
822
529
88
31
883
323
652
713
797
256
14
769
879
729
049
402
292
661
911
024
267
381
291
402
61
322
434
911
502
699
785
612
397
714
586
209
991
867
615
961
157
783
364
546
729
302
814
404
933
124
53
522
747
875
256
499
429
49
612
73
071
175
754
938
045
857
018
029
639
624
71
762
84
273
138
987
394
579
248
423
636
359
979
812
627
354
294
104
864
031
615
965
09
12
051
311
889
227
661
603
341
1
473
056
716
742
581
407
559
75
494
916
31
654
289
191
576
261
18
415
575
772
055
659
409
856
28
095
315
132
511
504
638
527
371
322
545
001
254
101
144
99
883
798
232
841
891
288
559
556
325
544
665
899
981
648
98
664
636
8
294
881
531
372
088
205
408
47
029
3
419
333
023
118
805
368
089
026
334
163
107
817
624
923
654
502
198
625
579
981
561
791
429
317
95
96
054
467
423
816
454
049
102
558
708
572
088
907
478
489
445
678
163
791
563
59
124
62
032
396
566
939
928
542
372
241
938
263
762
345
795
592
02
514
438
738
891
668
627
411
129
765
975
48
061
013
091
496
101
072
309
154
575
066
254
927
139
62
745
598
528
307
554
43
752
448
354
613
262
59
445
558
798
973
104
84
961
401
517
997
167
727
627
477
434
063
898
587
154
138
573
715
832
774
039
19
621
958
05
479
051
277
697
956
998
578
235
071
864
329
162
871
466
471
304
718
547
481
435
275
213
277
436
152
626
326
926
144
353
448
505
998
097
403
912
385
755
23
835
723
589
742
488
68
664
992
354
438
39
075
039
837
954
05
989
035
156
072
528
126
06
468
182
685
224
139
847
939
163
869
849
505
524
026
573
408
612
577
128
62
273
297
429
394
722
577
299
856
595
741
895
456
592
924
994
404
592
527
163
492
594
423
833
823
175
814
008
536
927
652
63

42
027
523
892
614
44
977
875
879
218
064
521
462
73
136
798
04
621
464
8
606
024
049
695
489
716
981
709
544
08
679
107
23
828
212
214
812
961
019
649
893
321
591
478
771
893
337
084
035
201
24
664
669
42
965
747
535
984
113
247
569
92
549
61
396
814
536
775
225
341
299
889
735
17
09
467
89
476
582
547
617
757
579
803
97
988
139
468
671
879
834
647
253
904
792
242
416
29
219
79
976
807
092
968
513
117
304
486
355
274
053
629
268
062
917
337
248
312
616
334
536
252
875
913
663
766
608
645
517
718
465
335
798
75
659
004
43
339
066
545
232
383
411
421
677
773
929
266
648
059
562
518
359
029
01
456
293
2
106
737
529
161
516
964
583
138
859
597
042
654
095
482
682
944
978
093
975
149
999
475
116
624
874
18
184
843
844
034
318
238
493
765
787
657
921
082
015
588
029
019
423
863
291
068
062
396
96
146
661
583
195
247
685
72
209
178
743
372
014
121
968
484
123
198
126
66
206
36
23
092
718
474
786
35
634
852
161
15
264
044
182
937
075
851
419
215
703
177
692
23
948
889
33
608
665
379
192
329
33
9
671
633
747
729
211
594
823
717
983
979
984
357
544
333
806
373
131
829
388
177
97
652
425
71
307
623
405
552
247
554
729
362
068
857
429
672
78
015
87
83
675
548
793
659
752
168
272
691
5
964
178
537
299
217
168
025
509
02
823
872
164
226
06
46
993
047
719
142
484
282
693
905
112
1
19
66
39
358
442
622
161
648
539
639
214
896
09
56
366
616
053
335
317
882
046
373
897
689
281
614
481
292
037
779
31
51
728
705
478
009
033
023
099
386
455
582
62
546
314
574
293
557
835
873
673
903
741
249
599
675
625
897
641
683
43
11
993
276
189
475
431
037
741
521
147
885
668
278
892
082
699
431
402
595
676
54
275
412
465
877
126
878
878
03
246
149
499
605
804
666
84
047
256
763
74
645
398
583
521
456
277
964
518
741
173
144
534
974
962
75
216
054
964
049
55
851
359
832
63
748
213
412
011
843
94
998
053
015
813
875
404
1
503
173
215
649
268
811
541
694
879
694
212
187
752
094
554
078
479
916
813
779
7
312
734
786
727
813
978
079
485
424
991
129
299
879
335
054
275
821
214
51
557
587
98
48
636
8
431
594
906
262
04
397
093
145
285
183
793
441
137
076
881
526
853
928
28
056
067
406
523
524
375
734
869
642
249
667
517
091
891
735
348
736
638
45
212
067
982
567
258
794
302
906
355
433
213
287
492
44
111
119
601
117
674
927
56
565
434
881
232
314
017
306
302
098
906
242
754
446
053
972
098
79
523
085
008
786
919
21
469
059
574
463
031
406
293
408
537
827
237
072
451
53
187
41
167
429
667
858
962
327
847
045
161
694
739
49
934
337
948
458
866
754
11
647
964
174
284
189
282
68
772
559
148
89
214
524
834
977
619
002
984
634
615
862
123
013
545
067
844
83
134
25
763
584
18
033
824
598
781
354
487
328
907
112
811
061
194
734
161
22
939
028
943
934
243
621
904
292
329
376
994
48
908
692
294
19
745
617
5
473
376
028
536
914
807
594
002
951
984
357
071
721
154
16
345
931
43
781
961
259
021
681
811
078
813
573
19
98
877
322
95
551
026
355
835
852
816
195
999
58

22
71
168
933
425
796
626
257
858
927
807
483
344
538
935
211
294
757
969
414
994
344
661
076
738
247
02
621
077
421
803
205
235
533
428
529
338
628
534
7
062
622
83
764
741
733
989
396
252
98
779
199
419
571
78
905
191
508
944
718
79
901
517
695
476
367
489
765
171
749
68
969
716
246
652
393
781
374
133
222
831
17
137
751
393
034
64
384
213
438
524
38
298
711
246
664
355
097
606
495
476
896
845
883
69
279
737
716
28
687
753
979
408
061
412
322
321
313
158
682
535
242
298
482
894
37
733
259
806
876
023
738
575
056
177
376
079
582
299
404
967
615
57
728
413
724
961
6
87
851
725
537
506
199
09
482
15
367
401
642
299
832
328
668
495
46
883
082
686
991
138
154
74
36
542
025
738
027
642
628
227
729
616
567
376
888
239
419
217
434
558
321
291
198
081
915
607
076
51
426
565
146
924
952
734
657
935
061
584
769
651
937
08
672
708
666
467
189
88
115
163
13
097
255
904
535
189
203
612
15
949
304
201
026
094
999
052
28
548
047
374
501
576
37
002
887
145
083
013
993
863
519
147
021
987
187
971
186
327
16
841
32
4
537
434
383
226
646
328
035
308
406
037
719
517
785
948
347
861
866
283
943
601
439
945
405
081
284
189
716
134
903
713
133
241
39
633
497
927
119
847
576
337
489
157
469
617
28
298
185
265
871
922
385
445
614
405
041
44
744
539
217
694
928
133
878
37
103
399
394
38
939
804
39
404
364
315
588
684
49
219
176
372
644
837
036
844
146
324
819
173
15
53
143
909
119
782
694
191
07
799
566
484
286
212
025
433
112
065
468
434
721
45
348
303
953
076
79
427
061
603
356
831
955
876
694
291
908
148
284
604
896
34
143
968
06
328
58
759
685
519
926
262
759
949
423
304
951
169
409
175
262
217
758
835
785
112
904
635
615
631
557
677
309
045
033
277
694
664
519
786
922
839
989
572
59
097
362
4
047
814
979
987
937
267
302
779
936
113
929
753
46
778
532
043
222
999
289
094
616
48
267
629
047
993
725
641
552
752
872
889
74
397
536
877
911
592
85
545
933
738
119
972
586
32
039
221
748
375
369
299
28
281
57
257
899
7
709
906
559
128
441
457
489
349
656
432
334
571
059
18
498
15
06
819
643
197
583
85
687
521
71
277
592
882
799
364
77
318
208
896
619
879
897
87
437
009
044
757
519
695
301
278
204
98
913
62
75
881
132
273
207
88
266
696
326
359
46
075
59
608
762
743
263
81
936
42
709
997
793
707
76
007
209
021
77
562
842
914
652
742
101
466
183
606
469
954
507
712
672
108
795
358
895
097
02
417
722
633
164
752
055
843
898
727
369
08
42
825
159
315
424
42
284
45
759
629
538
25
383
286
497
133
117
299
404
98
885
968
05
602
907
986
593
407
251
078
657
616
593
507
903
887
9
895
036
475
554
274
169
506
767
969
142
455
254
763
041
644
694
148
392
24
158
299
318
407
903
946
789
088
335
165
182
423
491
47
988
677
417
013
675
77
242
391
668
548
091
76
205
25
712
874
76
732
834
439
329
833
618
938
157
407
863
937
273
075
502
118
273
398

141
957
427
658
297
083
294
346
25
53
935
324
124
778
926
219
451
396
134
493
274
773
631
649
715
693
237
829
491
64
538
951
08
995
071
464
496
191
635
659
986
395
76
982
665
522
705
592
864
404
046
762
473
385
044
634
153
384
296
06
661
343
53
796
546
594
936
066
48
133
364
123
789
34
826
794
863
374
673
005
333
575
154
958
851
91
065
853
208
967
88
794
829
426
838
461
699
596
156
432
474
338
879
453
921
268
285
396
4
544
227
955
316
011
459
436
361
162
391
911
241
4
896
471
861
449
933
403
661
786
49
152
723
253
564
452
404
045
585
262
547
956
517
426
118
229
86
552
382
085
184
184
647
817
921
922
331
389
313
976
363
808
251
972
279
042
928
575
44
446
166
693
84
92
605
134
27
432
213
066
602
449
81
858
993
289
482
235
368
224
225
637
079
507
319
226
251
645
488
192
483
815
534
159
696
039
496
931
849
285
405
157
143
317
016
749
425
717
502
699
253
465
504
24
707
43
622
487
442
774
466
369
639
785
75
45
662
998
923
394
893
74
728
507
656
671
15
271
681
28
722
337
354
771
583
682
274
86
37
67
708
739
159
537
226
685
84
833
45
761
244
128
22
02
792
898
241
48
34
632
061
58
228
721
779
859
633
047
533
813
172
342
894
199
576
249
132
952
792
271
519
853
182
346
16
379
499
315
618
711
218
105
197
64
222
167
225
399
188
133
274
319
339
96
529
893
382
079
669
769
689
756
269
923
245
725
361
816
431
236
949
975
394
544
763
26
133
394
842
506
887
375
4
912
503
603
32
87
209
758
234
548
331
868
89
49
963
464
516
25
922
544
838
577
379
331
74
045
318
186
63
305
775
004
683
222
107
012
489
614
646
699
088
375
353
486
617
46
098
362
411
248
558
505
075
104
45
35
639
969
632
456
623
79
489
565
787
944
23
4
52
781
835
998
691
219
168
614
535
678
186
026
367
149
294
674
094
97
782
147
374
448
829
442
318
459
491
271
742
966
837
581
683
136
098
791
444
926
707
946
467
465
203
788
935
935
941
354
437
998
044
529
34
772
221
81
712
478
738
947
544
108
896
589
365
083
093
446
397
801
664
539
668
326
854
464
628
644
234
205
529
275
391
216
109
026
211
05
482
415
035
804
074
5
81
406
016
135
41
011
553
247
451
89
668
774
709
604
746
249
813
394
487
572
879
177
084
603
294
873
513
925
501
083
94
457
374
647
603
933
288
25
188
967
977
039
218
571
455
321
179
754
213
994
644
878
576
681
258
648
425
745
965
002
703
81
78
038
763
683
125
757
436
053
822
276
584
494
932
467
882
776
968
566
25
69
086
514
941
399
069
692
432
373
826
105
661
497
295
001
041
074
848
598
195
007
591
213
084
882
674
619
344
949
35
055
442
695
502
013
471
489
296
127
442
278
233
478
29
235
515
102
825
809
209
365
915
586
199
72
275
283
478
635
375
474
181
471
324
872
435
689
972
435
372
008
845
365
645
051
087
449
219
913
868
588
19
927
939
11
829
635
961
315
875
919
312
473
11
116
294

302
952
376
676
936
757
334
174
629
09
96
39
487
717
49
88
948
65
482
862
162
765
579
654
789
982
643
556
117
713
588
447
703
146
28
62
895
428
455
653
516
941
123
339
3
302
934
571
036
409
869
79
285
393
592
527
857
533
078
644
493
054
961
938
621
962
216
023
828
28
336
649
287
117
575
899
08
898
172
635
873
752
393
033
569
331
997
897
701
409
637
722
047
423
679
772
375
64
356
281
427
329
989
9
229
98
78
317
407
564
552
738
663
99
836
283
518
486
754
824
737
632
272
895
809
227
835
758
215
005
115
785
21
547
245
182
252
225
165
126
534
088
124
807
353
93
899
197
917
252
76
301
319
175
855
74
493
54
919
318
038
78
507
568
695
897
047
332
087
871
586
883
042
234
768
582
298
183
557
112
898
195
533
972
816
477
221
546
046
764
742
514
679
069
605
899
22
146
539
47
735
129
595
82
594
481
025
476
32
198
001
914
912
467
559
519
339
271
674
121
914
974
052
409
456
891
233
555
7
47
677
482
118
8
578
876
712
082
576
71
188
369
779
577
259
841
925
542
988
22
218
91
857
011
652
42
195
875
688
299
773
282
905
345
386
851
168
495
26
771
851
066
787
254
645
26
545
266
259
996
748
079
835
57
117
607
624
684
177
762
842
611
009
654
512
075
752
252
965
029
39
601
696
944
883
573
978
056
155
603
884
289
224
131
972
503
285
096
289
672
937
921
687
758
844
333
608
55
066
468
364
616
155
116
313
737
753
112
633
52
261
98
564
435
917
477
146
841
087
627
947
443
957
427
845
92
86
594
72
256
54
005
067
56
11
48
568
348
226
238
356
82
94
668
24
599
071
504
319
893
585
59
251
741
091
145
362
33
612
27
889
85
918
295
685
632
499
851
675
163
431
608
68
329
719
73
947
085
496
516
006
569
889
026
776
314
311
196
771
983
354
002
99
961
381
037
328
589
198
445
891
948
968
036
933
452
717
877
014
071
277
467
024
288
813
109
414
435
236
55
154
272
382
926
763
351
395
402
797
489
708
53
551
273
795
594
565
425
605
643
512
719
538
738
97
335
648
783
282
774
904
531
922
444
948
121
761
319
825
899
45
568
646
034
136
894
933
712
031
915
847
803
124
774
081
315
424
124
584
567
462
214
138
563
278
387
861
382
736
09
797
684
94
177
32
541
871
599
641
183
883
312
877
445
611
242
228
861
853
707
052
701
284
9
806
146
681
092
134
005
618
16
193
015
392
708
591
638
181
209
78
856
106
993
678
571
757
933
43
075
593
006
836
527
385
909
149
942
791
358
174
996
808
539
993
96
676
521
75
042
68
335
162
884
91
757
824
274
268
436
614
027
201
894
317
21
153
32
128
571
573
571
957
656
713
768
826
068
738
335
286
271
642
036
455
004
046
68
957
214
487
394
55
9
191
948
284
934
668
332
794
99
871
816
449
651
243
044
512
079
468
191
774
422
6
012
475
129
873
803
403
121
674
352
238
099
621
725
495
917
675
986
8
19
905
824
877
16
22
772
387
784
16
741
597
335
183
52
62
937
295
529
866
969
481
85
411
412
15
689
633
749
167
182
156
754
027
076
881
287
81
302
189
553
849
462
693
28
641
89
433
307
261
89
201
636
26
517
038
98
623
63
504
954
799
59
547
421
519
692
115
63
998
413
184
512
527
138
976
368
389
556
317
421
746
701
062
088
755
503
139
552
592
709
409
176
699
82
171
584
778
641
459
758
925
476
879
839
443
027
941
949
99
224
271
607
125
74
076
7
949
314
858
547
815
614
24
213
767
704
792
19
048
446
209
028
638
916
169
987
479
196
12
327
738
236
834
948
97
044
508
69
943
753
016
682
996
269
837
356
254
438
647
091
91
101
873
54
356
022
149
324
529
326
616
311
938
12
865
814
754
883
374
448
932
391
544
17
138
931
71
872
294
114
207
627
748
059
115
337
075
815
919
827
897
412
791
195
211
757
601
231
08
256
391
814
493
384
046
641
485
585
345
613
061
344
573
862
202
702
909
958
713
75
686
882
601
053
563
471
827
518
551
084
818
04
095
073
859
457
962
397
848
928
196
602
623
24
954
383
314
213
515
974
254
356
728
445
111
869
366
394
195
809
703
63
422
255
596
82
931
73
298
022
759
55
604
239
464
489
879
694
297
125
944
491
106
455
314
761
322
824
672
124
502
181
749
873
206
3
717
794
647
736
826
397
564
362
575
955
901
258
909
162
868
902
274
519
689
74
87
525
631
376
82
809
576
153
517
474
739
99
869
069
714
85
68
018
831
043
594
629
693
134
323
694
748
771
489
89
798
851
707
016
822
735
051
122
761
508
018
457
591
266
307
286
393
703
434
13
037
825
565
359
725
01
187
317
096
372
397
447
757
778
412
746
455
434
382
793
419
437
351
672
497
968
05
561
012
898
59
606
409
127
031
733
96
741
133
285
072
1
311
996
815
964
767
252
096
734
071
623
582
925
422
69
828
61
11
992
377
77
947
351
803
004
604
358
688
206
488
374
244
944
308
45
862
339
39
537
553
202
862
176
249
78
492
298
386
45
592
212
618
928
736
119
608
561
61
985
879
146
735
419
318
698
753
872
193
932
771
833
197
372
006
046
786
808
785
24
688
589
127
011
909
246
784
353
642
537
399
146
146
262
317
721
963
631
119
713
936
526
952
699
719
313
934
225
87
06
291
816
617
132
872
515
812
279
818
878
026
259
042
459
177
705
39
662
183
151
645
037
828
003
073
83
736
043
526
619
185
384
941
058
763
965
56
327
902
513
349
872
802
477
07
51
69
87
216
246
108
872
644
458
606
679
433
452
867
652
371
034
459
619
75
009
287
953
253
678
184
895
398
908
434
282
079
526
449
784
999
23
92
502
202
533
122
968
696
995
446
055
572
025
955
042
377
326
353
483
785
698
929
22
92
888
474
809
335
095
807
844
477
173
186
705
518
531
225
361
823
817
282
795
064
781
553
303
449
408
654
41
323
642
15
95
991
493
027
279
725
401
873
449
217
557
521
643
529
857
156
545
753
124
419
366
002
347
663
986
574
583
973
537
025
174
017
316
018
36
774
773
953
995
977
496
87
215
146
635
975
052
988
802
004
112
122
628
706
605
612
684
392
9
039
883
313
856
892
826
099
004
533
254
316
353
865
783
364
363
527
642
564
147
772
08
104
025
336
428
991
281
395
715
253
9
16
964
117
934
575
51
691
235
462
508
879
888
999
389
617
781
758
699
219
309
392
982
955
149
827
115
173
417
355
211
393
743
542
85
163
492
109
191
273
382
815
4
055
678
493
771
807
568
791
391
291
059
114
935
033
925
863
59
986
721
844
565
814
412
236
221
658
217
239
145
584
604
994
334
006
196
044
536
008
363
624
995
441
081
6
791
591
005
365
831
395
557
667
544
912
037
953
389
421
427
296
684
692
085
521
463
14
59
021
325
086
914
663
29
123
334
189
509
624
132
17
558
107
217
192
65
703
671
574
748
63
979
072
356
753
314
264
256
756
658
887
05
192
526
728
144
286
323
016
375
055
165
078
54
894
091
804
966
192
957
645
937
401
131
021
961
171
012
168
24
936
25
958
023
56
308
138
667
657
845
467
645
656
852
97
793
156
329
133
16
662
516
228
578
417
051
367
798
833
666
685
439
553
316
943
187
367
939
883
835
813
388
116
702
155
284
478
159
396
169
878
315
585
543
667
815
191
613
255
479
749
907
711
677
64
839
478
313
336
549
846
911
184
543
554
019
406
626
343
768
933
466
596
172
061
271
75
853
837
154
966
637
011
956
051
409
063
44
643
135
517
724
128
912
567
333
821
905
602
374
452
424
304
661
827
326
093
255
528
798
291
164
009
197
894
335
563
77
485
752
54
29
535
916
227
702
79
784
895
563
074
637
366
197
314
586
55
95
632
433
314
692
275
852
826
417
637
605
685
633
514
619
513
48
027
025
322
994
64
957
921
83
273
095
2
259
432
189
095
208
541
828
941
76
699
863
235
553
345
154
396
541
881
202
868
304
67
789
275
761
785
817
221
821
938
306
199
513
476
421
803
743
621
147
372
906
825
165
498
692
063
539
471
023
846
903
317
773
937
933
503
939
501
536
305
534
063
93
262
278
446
237
61
729
476
832
545
041
501
022
921
223
559
051
375
565
749
44
422
373
836
428
201
095
558
439
965
897
019
958
234
537
967
237
298
247
87
188
968
035
17
079
546
52
74
882
743
136
043
554
016
169
356
058
361
355
205
84
944
094
62
281
597
309
8
563
571
362
946
164
734
277
771
818
225
691
254
439
893
232
72
702
673
979
199
092
238
216
811
259
968
295
994
882
104
169
894
414
739
007
427
493
585
012
84
442
631
331
574
995
616
621
058
302
829
4
588
704
147
934
646
207
326
316
641
229
679
183
387
702
28
722
598
923
104
803
384
443
596
89
676
559
178
037
682
137
634
743
328
261
534
092
479
131
333
678
708
325
664
789
872
251
511
525
545
735
456
946
329
199
7
693
704
576
181
118
096
487
937
628
613
902
409
67
368
686
522
463
311
783
565
952
575
202
609
413
38
557
268
707
086
863
217
135
875
682
848
194
321
372
634
554
009
895
398
492
317
782
221
001
481
118
511
062
931
258
023
879
049
314
954
867
9
279
382
972
65
845
223
445
657
418
794
728
631
906
595
823
133
307
441
316
439
052
707
804
016
119
166
271
73
965
726
777
83
37
22
383
362
548
075
133
593
936
127
034
673
441
614
419
661
31
877
993
46
88
841
377
762
562
267
495
126
972

897
635
52
438
39
381
497
407
233
297
757
047
823
954
143
876
676
47
906
643
229
967
078
829
087
594
218
35
206
791
122
888
642
744
294
654
951
357
304
421
386
73
784
455
71
687
069
022
128
68
198
999
354
13
438
057
402
851
825
23
795
757
377
521
198
685
219
222
435
964
019
373
865
729
264
196
694
442
322
79
512
075
801
127
564
858
919
838
117
454
139
923
384
026
6
454
551
649
708
899
779
816
181
057
628
863
758
518
608
282
25
115
403
17
382
923
993
382
054
42
38
267
193
601
595
728
351
538
74
326
142
055
286
779
7
699
459
276
061
456
156
538
857
949
391
77
125
732
105
263
989
691
986
69
615
756
113
547
373
979
132
424
653
217
111
311
081
27
794
723
304
867
345
236
053
34
208
346
632
496
154
604
917
551
587
543
299
675
905
596
225
082
681
527
835
116
664
916
943
816
256
429
996
813
269
391
135
771
607
603
78
21
302
782
882
519
515
801
985
228
072
068
583
908
282
383
687
972
186
343
758
497
479
132
307
625
553
525
926
917
538
071
978
046
344
995
505
907
706
09
058
914
649
541
409
851
377
853
778
44
691
296
547
509
431
524
97
589
212
166
047
314
532
282
498
487
795
952
146
689
444
204
236
199
758
149
127
863
862
71
666
438
981
497
979
377
196
455
678
253
789
069
718
192
57
89
952
623
953
644
063
804
954
92
201
622
263
505
404
983
594
106
587
378
075
701
754
309
097
503
941
411
501
537
705
338
346
517
878
276
626
228
552
023
44
898
402
081
784
54
612
496
435
392
871
982
525
275
3
842
132
97
894
621
92
758
551
869
875
101
405
238
797
973
941
15
178
018
037
379
038
065
54
534
485
819
078
837
866
061
763
115
268
348
406
477
524
322
13
203
014
993
698
446
645
895
227
441
63
147
71
523
424
57
977
189
537
404
298
674
424
693
364
57
094
015
854
443
599
489
733
469
71
626
498
813
347
157
788
095
689
2
804
02
408
504
996
419
391
093
753
598
481
992
766
245
279
136
828
456
801
358
334
135
004
147
056
985
335
795
384
995
225
816
368
344
845
326
442
63
389
026
554
083
245
931
182
727
128
761
365
788
674
262
373
094
976
908
168
923
82
399
247
263
233
484
153
808
498
428
458
395
123
974
751
357
466
482
3
266
131
817
45
95
574
079
119
08
39
96
899
474
216
879
163
389
654
509
554
107
198
163
85
15
074
36
402
238
383
55
067
85
688
325
964
81
589
622
191
725
632
204
283
065
636
986
591
055
228
428
132
464
787
419
383
98
253
53
627
765
175
465
501
941
424
264
063
676
751
96
15
891
685
823
678
914
859
057
465
531
249
628
253
511
201
411
715
438
377
277
123
215
86
417
35
013
537
163
489
948
088
82
797
089
679
6
888
787
861
808
081
094
389
176
33
469
423
986
803
236
095
457
044
315
054
666
613
834
793
773
089
543
242
191
653
112
853
377
831
829
595
535
486
153
039
099
43
126
212
123
96
018
38
636
048
02
233
273
032
933
633
583
567
778
931
734
121
609
275
273
198
607
938
693
971
431
959
55
066
563
069
51
305
806
511
417
192
213
135
83
231
608
731
953
925
789
998
895
114
338
24
488
094
685
996
978
039
932
625
258
492
4
433
072
11
687
679
396
549
508
995
998
312
748
769
519
28
615
988
306
607
044
113
001
55
49
942
191
953
382
872
261
468
771
435
041
654
61

941
424
609
295
144
566
686
256
283
042
376
876
868
414
951
085
586
91
598
592
736
653
823
944
02
348
498
43
961
855
459
214
338
202
796
838
942
503
064
038
424
921
694
578
238
671
201
336
249
521
414
283
042
969
556
126
42
31
499
505
264
73
407
423
073
26
587
468
09
214
195
665
211
191
19
715
827
784
431
473
353
034
902
855
353
271
167
762
817
142
316
856
348
6
553
869
955
797
741
307
292
856
714
047
729
871
829
786
572
348
565
95
762
235
476
838
082
704
885
979
782
693
652
249
596
272
144
951
906
318
753
198
779
617
884
021
425
483
313
002
689
795
026
763
412
543
23
215
256
837
035
864
555
234
397
377
591
275
749
538
46
825
025
239
915
543
608
163
234
156
548
938
339
233
085
72
628
887
075
66
853
196
894
23
357
216
758
17
832
23
47
685
971
834
678
206
813
503
221
507
282
898
72
166
709
165
133
191
876
439
417
565
903
427
745
126
225
447
612
952
94
287
277
753
28
285
927
314
997
715
868
015
559
095
521
096
294
227
15
728
912
855
514
102
476
022
917
803
506
949
932
369
933
608
173
809
013
445
489
448
146
828
196
397
131
205
835
454
66
188
495
955
503
25
399
015
849
427
73
189
329
098
028
316
548
68
452
859
172
889
341
846
68
642
986
683
969
814
894
489
094
968
43
263
991
485
006
196
085
342
502
481
933
345
399
248
268
232
849
905
613
198
274
313
726
574
774
677
669
705
96
415
324
341
098
201
73
304
889
457
543
549
119
843
682
924
026
81
804
745
769
389
076
864
144
725
81
486
972
73
52
704
116
413
245
458
798
754
231
003
502
509
672
851
192
327
931
973
368
21
65
008
83
983
924
913
089
587
308
698
573
598
367
441
651
393
223
413
777
235
866
448
534
758
398
344
929
112
486
735
71
079
804
283
501
326
004
028
654
355
813
631
627
366
595
057
927
191
127
003
929
742
632
054
193
092
118
157
161
96
608
063
144
664
255
941
297
239
727
653
567
162
816
15
079
377
814
008
884
294
194
747
737
549
506
87
786
196
763
369
632
409
933
97
165
711
409
711
707
454
994
596
204
648
78
125
005
545
132
059
491
579
014
915
108
655
514
464
864
289
029
356
483
289
789
832
639
572
895
767
609
576
676
116
564
847
895
818
651
056
344
861
409
921
572
804
336
853
449
524
742
585
193
065
45
941
168
164
224
062
101
079
791
634
526
624
188
019
518
341
722
946
836
991
272
014
441
531
894
882
388
88
663
166
914
311
119
341
284
941
707
598
728
592
003
332
553
703
478
642
524
951
389
819
537
668
423
01
336
511
246
668
623
521
532
014
379
244
56
05
242
187
748
147
982
732
151
873
182
134
275
204
506
096
873
752
763
735
016
758
87
064
622
137
877
357
068
364
